ep_stream_add=1.512155
ep_stream_copy=1.310381
ep_stream_scale=1.300129
ep_stream_triad=0.604198
ep_stream_vector_size=5592405.000000
mpira_errors=0.000000
mpira_gups=0.000002
mpira_time=26591.705770
mpira_updates=44739244.000000
mpira_vtime=31486.854541
