ep_stream_add=1.161543
ep_stream_copy=1.099663
ep_stream_scale=1.066691
ep_stream_triad=0.487169
ep_stream_vector_size=5592405.000000
mpira_errors=0.000000
mpira_gups=0.000002
mpira_time=38408.924820
mpira_updates=67108864.000000
mpira_vtime=45160.052983
