ep_stream_add=2.444186
ep_stream_copy=2.114080
ep_stream_scale=2.091390
ep_stream_triad=0.876273
ep_stream_vector_size=5592405.000000
mpira_errors=0.000000
mpira_gups=0.000010
mpira_time=6770.738119
mpira_updates=67108864.000000
mpira_vtime=44837.195384
