ep_stream_add=1.079364
ep_stream_copy=1.041416
ep_stream_scale=1.013868
ep_stream_triad=0.458820
ep_stream_vector_size=5592405.000000
mpira_errors=0.000000
mpira_gups=0.000002
mpira_time=44599.139596
mpira_updates=67108864.000000
mpira_vtime=48049.464034
